version https://git-lfs.github.com/spec/v1
oid sha256:253c03e1dff1762cb82bfae23feb52592862f040245ab3ed2aa5de73ea43d99b
size 26100
