version https://git-lfs.github.com/spec/v1
oid sha256:1b8d7cdcdc45ba81afac742c4ad000e88aa9786afa39b18e1b7d451e4b94c174
size 34451
